1, 15, 8, 7, 3, 2, 12, 11, 9, 0, 28, 5, 4, 14, 18, 13 
1, 15 
0, 15, 11 
5, 6, 1, 4, 0, 15, 7, 28 
12, 18, 14, 29 
24, 19, 28, 29, 9, 14, 2, 3 
7, 28, 29, 9, 24, 14, 2, 19, 4, 3, 5, 0, 6, 1, 15, 12, 11, 18, 13 
9, -1, 16
16, 27, 17, 13, 26, 21, 20, 18, 15, 14, 22, 19, 12, 11, 29, 25, 23, 28, 9 
16, 27, 17, 13, 26, 21, 20, 18, 15, 14, 22, 19, 12, 11, 29, 25, 23, 28, 24, 9, 2, 4, 3, 7 
1, 15, 12, 11, 18, 14, 19, 13, 29, 28, 24, 9, 2, 4 
7, -1, 30
24, 19, 28, 29, 9, 2 
10, 11, 9, 28, 14, 2, 29, 4, 24, 5, 1 
7, 28 
1, -1, 8
